0,556
0,555
274,9
274,8
274,7
274,6
274,5
274,4
274,3
274,2
274,1
274,0
273,8
273,7
273,6
273,5
273,4
273,3
273,2
273,1
273,0
0,554
272,7
272,6
272,5
272,4
272,3
272,2
272,1
272,0
271,6
271,5
271,4
271,3
271,2
271,1
271,0
270,3
270,2
270,1
270,0
269,3
269,2
269,1
269,0
268,3
268,2
268,1
268,0
267,5
267,4
267,3
267,2
267,1
267,0
266,4
266,3
266,2
266,1
266,0
265,3
265,2
265,1
265,0
264,6
264,5
264,4
264,3
264,2
264,1
264,0
263,3
263,2
263,1
263,0
262,3
262,2
262,1
262,0
261,4
261,3
261,2
261,1
261,0
0,553
245,35
260,10
260,9
260,8
260,7
260,6
260,5
260,4
260,3
260,2
260,1
260,0
259,9
259,8
259,7
259,6
259,5
259,4
259,3
259,2
259,1
259,0
258,8
258,7
258,6
258,5
258,4
258,3
258,2
258,1
258,0
0,552
257,7
257,6
257,5
257,4
257,3
257,2
257,1
257,0
256,6
256,5
256,4
256,3
256,2
256,1
256,0
255,3
255,2
255,1
255,0
254,3
254,2
254,1
254,0
253,3
253,2
253,1
253,0
0,551
252,5
252,4
252,3
252,2
252,1
252,0
0,550
251,4
251,3
251,2
251,1
251,0
250,3
250,2
250,1
250,0
249,6
249,5
249,4
249,3
249,2
249,1
249,0
